Var1
0
-0.015625
0.03125
-0.046875
0.046875
-0.0625
0.046875
-0.0625
0.046875
-0.078125
0.078125
-0.140625
0.140625
-0.203125
0.171875
-0.234375
0.203125
-0.28125
0.25
-0.40625
0.375
-0.59375
0.546875
-0.875
0.8125
-1.4375
1.453125
-3.96875
4.8125
-0.4375
-4.109375
7.921875
7.65625
5.8125
-0.78125
-4.171875
7.34375
-7.09375
3.796875
1.328125
-5.890625
-7.90625
-6.84375
2.78125
2.46875
-6.578125
7.875
-5.734375
1.15625
3.96875
-7.40625
7.6875
-4.71875
-0.265625
5.140625
-7.78125
7.09375
-3.375
-1.78125
6.1875
-7.953125
6.296875
-1.984375
-3.203125
7
-7.828125
5.296875
-0.5
-4.5
7.578125
-7.421875
4.09375
1
-5.65625
7.890625
-6.765625
2.75
2.453125
-6.59375
7.921875
-5.859375
1.296875
3.828125
-7.3125
7.671875
-4.75
-0.203125
5.0625
-7.765625
7.140625
-3.46875
-1.6875
6.109375
-7.9375
6.359375
-2.0625
-3.109375
6.953125
-7.828125
5.375
-0.59375
-4.4375
7.546875
-7.453125
4.171875
0.890625
-5.578125
7.890625
-6.8125
2.828125
2.359375
-6.546875
7.921875
-5.921875
1.390625
3.734375
-7.265625
7.6875
-4.828125
-0.09375
4.984375
-7.75
7.1875
-3.5625
-1.578125
6.0625
-7.9375
6.421875
-2.171875
-3.015625
6.921875
-7.859375
5.4375
-0.6875
-4.34375
7.515625
-7.484375
4.25
0.796875
-5.515625
7.859375
-6.859375
2.921875
2.265625
-6.484375
7.9375
-5.984375
1.484375
3.640625
-7.234375
7.71875
-4.90625
0
4.90625
-7.71875
7.234375
-3.640625
-1.484375
5.984375
-7.9375
6.484375
-2.265625
-2.921875
6.859375
-7.859375
5.5
-0.796875
-4.25
7.484375
-7.515625
4.34375
0.6875
-5.4375
7.859375
-6.921875
3.015625
2.171875
-6.421875
7.9375
-6.0625
1.578125
3.5625
-7.1875
7.75
-4.984375
0.109375
4.828125
-7.6875
7.265625
-3.734375
-1.390625
5.921875
-7.921875
6.53125
-2.359375
-2.828125
6.8125
-7.875
5.578125
-0.890625
-4.171875
7.453125
-7.546875
4.4375
0.59375
-5.375
7.828125
-6.953125
3.109375
2.0625
-6.359375
7.9375
-6.109375
1.6875
3.46875
-7.140625
7.765625
-5.0625
0.203125
4.75
-7.671875
7.3125
-3.828125
-1.296875
5.859375
-7.921875
6.59375
-2.453125
-2.75
6.765625
-7.890625
5.65625
-1
-4.09375
7.421875
-7.578125
4.5
0.5
-5.296875
7.828125
-7
3.203125
1.984375
-6.296875
7.953125
-6.1875
1.78125
3.375
-7.09375
7.78125
-5.140625
0.28125
4.671875
-7.640625
7.34375
-3.90625
-1.203125
5.796875
-7.921875
6.65625
-2.5625
-2.640625
6.703125
-7.890625
5.71875
-1.09375
-4
7.375
-7.609375
4.578125
0.40625
-5.21875
7.796875
-7.0625
3.296875
1.875
-6.25
7.953125
-6.25
1.875
3.296875
-7.046875
7.796875
-5.21875
0.40625
4.578125
-7.609375
7.375
-4
-1.09375
5.71875
-7.890625
6.703125
-2.640625
-2.5625
6.65625
-7.921875
5.796875
-1.203125
-3.90625
7.34375
-7.640625
4.671875
0.28125
-5.140625
7.78125
-7.09375
3.375
1.78125
-6.1875
7.953125
-6.296875
1.984375
3.203125
-7
7.828125
-5.296875
0.5
4.5
-7.578125
7.421875
-4.09375
-1
5.65625
-7.890625
6.765625
-2.75
-2.453125
6.59375
-7.921875
5.859375
-1.296875
-3.828125
7.3125
-7.671875
4.75
0.203125
-5.0625
7.765625
-7.140625
3.46875
1.6875
-6.109375
7.9375
-6.359375
2.0625
3.109375
-6.953125
7.828125
-5.375
0.59375
4.4375
-7.546875
7.453125
-4.171875
-0.890625
5.578125
-7.890625
6.8125
-2.828125
-2.359375
6.546875
-7.921875
5.921875
-1.390625
-3.734375
7.265625
-7.6875
4.828125
0.09375
-4.984375
7.75
-7.1875
3.5625
1.578125
-6.0625
7.9375
-6.421875
2.171875
3.015625
-6.921875
7.859375
-5.4375
0.6875
4.34375
-7.515625
7.484375
-4.25
-0.796875
5.515625
-7.859375
6.859375
-2.921875
-2.265625
6.484375
-7.9375
5.984375
-1.484375
-3.640625
7.234375
-7.71875
4.90625
0
-4.90625
7.71875
-7.234375
3.640625
1.484375
-5.984375
7.9375
-6.484375
2.265625
2.921875
-6.859375
7.859375
-5.5
0.796875
4.25
-7.484375
7.515625
-4.34375
-0.6875
5.4375
-7.859375
6.921875
-3.015625
-2.171875
6.421875
-7.9375
6.0625
-1.578125
-3.5625
7.1875
-7.75
4.984375
-0.109375
-4.828125
7.6875
-7.265625
3.734375
1.390625
-5.921875
7.921875
-6.53125
2.359375
2.828125
-6.8125
7.875
-5.578125
0.890625
4.171875
-7.453125
7.546875
-4.4375
-0.59375
5.375
-7.828125
6.953125
-3.109375
-2.0625
6.359375
-7.9375
6.109375
-1.6875
-3.46875
7.140625
-7.765625
5.0625
-0.203125
-4.75
7.671875
-7.3125
3.828125
1.296875
-5.859375
7.921875
-6.59375
2.453125
2.75
-6.765625
7.890625
-5.65625
1
4.09375
-7.421875
7.578125
-4.5
-0.5
5.296875
-7.828125
7
-3.203125
-1.984375
6.296875
-7.953125
6.1875
-1.78125
-3.375
7.09375
-7.78125
