0.000000
0.000000
0.000000
0.000000
0.000000
0.000000
0.000000
0.000000
0.000000
0.000000
-0.000244
-0.000244
0.000244
0.000000
-0.000244
0.000000
-0.000244
-0.000488
-0.000244
-0.000244
-0.000732
-0.000732
0.000000
-0.000732
-0.000977
-0.001221
-0.000977
-0.001709
-0.002197
-0.002197
-0.009521
-0.011719
0.021729
0.012695
-0.018311
0.003906
0.021240
0.004150
-0.018311
0.011475
0.022461
-0.020752
-0.009766
0.019287
-0.001953
-0.021240
-0.001953
0.019287
-0.011475
-0.022217
0.022217
0.009766
-0.018799
0.001953
0.021729
0.001953
-0.018311
0.011475
0.023193
-0.021240
-0.008789
0.019775
0.000000
-0.020264
0.000977
0.020264
0.000244
-0.020264
0.009521
0.020508
-0.022705
-0.011719
0.018311
-0.003906
-0.021240
-0.002197
0.018311
-0.011475
-0.022461
0.021729
0.009766
-0.019287
0.001953
0.021240
0.002197
-0.019287
0.011475
0.022461
-0.021729
-0.009766
0.019287
-0.001953
-0.021240
-0.002197
0.019287
-0.011475
-0.022461
0.021729
0.009766
-0.019287
0.001953
0.021240
0.002197
-0.019287
0.011475
0.022461
-0.021729
-0.009766
0.019287
-0.001953
-0.021240
-0.002197
0.019287
-0.011475
-0.022217
0.021729
0.009766
-0.019287
0.001953
0.021240
0.001953
-0.019287
0.011475
0.022217
-0.021240
-0.009766
0.019775
-0.001953
-0.020264
-0.001953
0.020264
-0.011475
-0.020264
0.021240
0.020508
-0.019775
-0.011719
0.020264
-0.003906
-0.020264
-0.002197
0.020264
-0.011475
-0.020508
0.021729
0.011719
-0.019287
0.003906
0.021240
0.002197
-0.019287
0.011475
0.022461
-0.021729
-0.009766
0.019287
-0.001953
-0.021240
-0.002197
0.019287
-0.011475
-0.022461
0.021729
0.009766
-0.019287
0.001953
0.021240
0.002197
-0.019287
0.011475
0.022461
-0.021729
-0.009766
0.019287
-0.001953
-0.021240
-0.002197
0.019287
-0.011475
-0.022461
0.021729
0.009766
-0.019287
0.001953
0.021240
0.001953
-0.019287
0.011475
0.022217
-0.022217
-0.009766
0.018799
-0.001953
-0.021729
-0.001953
0.018311
-0.011475
-0.023193
0.021240
0.008789
-0.019775
0.000000
0.020264
-0.000977
-0.020264
-0.000244
0.020264
-0.009521
-0.020508
0.022705
0.011719
-0.018311
0.003906
0.021240
0.002197
-0.018311
0.011475
0.022461
-0.021729
-0.009766
0.019287
-0.001953
-0.021240
-0.002197
0.019287
-0.011475
-0.022461
0.021729
0.009766
-0.019287
0.001953
0.021240
0.002197
-0.019287
0.011475
0.022461
-0.021729
-0.009766
0.019287
-0.001953
-0.021240
-0.002197
0.019287
-0.011475
-0.022461
0.021729
0.009766
-0.019287
0.001953
0.021240
0.002197
-0.019287
0.011475
0.022461
-0.021729
-0.009766
0.019287
-0.001953
-0.021240
-0.001953
0.019287
-0.011475
-0.022217
0.022217
0.009766
-0.018799
0.001953
0.021729
0.001953
-0.018311
0.011475
0.023193
-0.021240
-0.008789
0.019775
0.000000
-0.020264
0.000977
0.020264
0.000244
-0.020264
0.009521
0.020508
-0.022705
-0.011719
0.018311
-0.003906
-0.021240
-0.002197
0.018311
-0.011475
-0.022461
0.021729
0.009766
-0.019287
0.001953
0.021240
0.002197
-0.019287
0.011475
0.022461
-0.021729
-0.009766
0.019287
-0.001953
-0.021240
-0.002197
0.019287
-0.011475
-0.022461
0.021729
0.009766
-0.019287
0.001953
0.021240
0.002197
-0.019287
0.011475
0.022461
-0.021729
-0.009766
0.019287
-0.001953
-0.021240
-0.002197
0.019287
-0.011475
-0.022461
0.021729
0.009766
-0.019287
0.001953
0.021240
0.001953
-0.019287
0.011475
0.022217
-0.022217
-0.009766
0.018799
-0.001953
-0.021729
-0.001953
0.018311
-0.011475
-0.023193
0.021240
0.008789
-0.019775
0.000000
0.020264
-0.000977
-0.020264
-0.000244
0.020264
-0.009521
-0.020508
0.022705
0.011719
-0.018311
0.003906
0.021240
0.002197
-0.018311
0.011475
0.022461
-0.021729
-0.009766
0.019287
-0.001953
-0.021240
-0.002197
0.019287
-0.011475
-0.022461
0.021729
0.009766
-0.019287
0.001953
0.021240
0.002197
-0.019287
0.011475
0.022461
-0.021729
-0.009766
0.019287
-0.001953
-0.021240
-0.002197
0.019287
-0.011475
-0.022461
0.021729
0.009766
-0.019287
0.001953
0.021240
0.002197
-0.019287
0.011475
0.022217
-0.021729
-0.009766
0.019287
-0.001953
-0.021240
-0.001953
0.019287
-0.011475
-0.022217
0.021240
0.009766
-0.019775
0.001953
0.020264
0.001953
-0.020264
0.011475
0.020264
-0.021240
-0.020508
0.019775
0.011719
-0.020264
0.003906
0.020264
0.002197
-0.020264
0.011475
0.020508
-0.021729
-0.011719
0.019287
-0.003906
-0.021240
-0.002197
0.019287
-0.011475
-0.022461
0.021729
0.009766
-0.019287
0.001953
0.021240
0.002197
-0.019287
0.011475
0.022461
-0.021729
-0.009766
0.019287
-0.001953
-0.021240
-0.002197
0.019287
-0.011475
-0.022461
0.021729
0.009766
-0.019287
0.001953
0.021240
0.002197
-0.019287
0.011475
0.022461
-0.021729
-0.009766
0.019287
-0.001953
-0.021240
-0.001953
0.019287
-0.011475
-0.022217
0.022217
0.009766
-0.018799
0.001953
0.021729
0.001953
-0.018311
0.011475
0.023193
-0.021240
-0.008789
0.019775
0.000000
-0.020264
0.000977
0.020264
0.000244
-0.020264
0.009521
0.020508
-0.022705
-0.011719
0.018311