0.000000
0.000000
0.000000
0.000000
0.000000
0.000000
0.000488
0.000000
0.000244
0.000000
0.000732
0.000000
0.000977
-0.000244
0.000732
-0.000244
0.001953
-0.000488
0.001953
-0.000732
0.002686
0.000000
0.002930
-0.001221
0.004395
-0.001465
0.007324
-0.002930
0.012695
-0.004150
0.052490
-0.013916
-0.133057
-0.006348
0.106934
0.088135
-0.066650
-0.119873
-0.003418
0.124512
0.060547
-0.082764
-0.115967
0.013672
0.120117
0.049072
-0.089355
-0.105469
0.031250
0.127930
0.031250
-0.106201
-0.089111
0.048584
0.121338
0.013672
-0.113770
-0.084229
0.062744
0.121826
0.000488
-0.122559
-0.062500
0.083740
0.114014
-0.013672
-0.122070
-0.049072
0.089355
0.106445
-0.031250
-0.127930
-0.031250
0.106201
0.089111
-0.048584
-0.122314
-0.013672
0.113770
0.084229
-0.062744
-0.121826
-0.000488
0.122559
0.062500
-0.083740
-0.114014
0.013672
0.122070
0.049072
-0.089355
-0.106445
0.031250
0.127930
0.031250
-0.106201
-0.089111
0.048096
0.122314
0.013428
-0.113770
-0.084229
0.062744
0.121826
0.000488
-0.122559
-0.062500
0.083740
0.114014
-0.014160
-0.122070
-0.049561
0.089355
0.105469
-0.031250
-0.128906
-0.031250
0.104248
0.089355
-0.051025
-0.121826
-0.021240
0.113770
0.092041
-0.062256
-0.118896
0.000000
0.124512
0.063721
-0.082764
-0.112549
0.015137
0.124023
0.049561
-0.086914
-0.104492
0.035645
0.129883
0.043945
-0.104248
-0.100098
0.051025
0.119873
0.021240
-0.113770
-0.092041
0.063232
0.119873
0.009766
-0.124512
-0.076416
0.082764
0.108643
-0.015137
-0.125977
-0.049561
0.083984
0.104492
-0.036621
-0.129883
-0.043945
0.104248
0.099121
-0.051025
-0.119873
-0.021240
0.113770
0.092041
-0.063232
-0.119873
-0.009766
0.124512
0.076416
-0.082764
-0.108643
0.015381
0.125977
0.049316
-0.083984
-0.104248
0.036621
0.129883
0.043945
-0.104248
-0.099121
0.051025
0.119873
0.021240
-0.113770
-0.092041
0.063232
0.119873
0.009766
-0.123535
-0.076416
0.084717
0.108643
-0.010986
-0.125977
-0.065430
0.083984
0.108154
-0.036621
-0.128906
-0.043945
0.105713
0.099121
-0.051025
-0.119873
-0.022217
0.113770
0.090088
-0.063232
-0.121826
-0.009766
0.111816
0.076416
-0.073975
-0.108643
0.013916
0.125977
0.067383
-0.083984
-0.108154
0.036621
0.129883
0.044189
-0.103760
-0.099121
0.052002
0.119873
0.022217
-0.113281
-0.090088
0.063721
0.122803
0.010742
-0.111816
-0.075439
0.073975
0.110107
-0.013916
-0.124023
-0.067383
0.086914
0.108154
-0.024902
-0.129883
-0.055908
0.103760
0.096191
-0.052002
-0.121826
-0.022217
0.112305
0.090088
-0.065674
-0.122803
-0.011719
0.111816
0.074463
-0.073975
-0.111084
0.013916
0.124023
0.067383
-0.086914
-0.108154
0.024902
0.129883
0.055908
-0.103516
-0.096191
0.052490
0.122070
0.022217
-0.111816
-0.089600
0.066162
0.123779
0.011719
-0.111816
-0.073486
0.074951
0.111572
-0.011963
-0.123047
-0.065430
0.088379
0.112061
-0.022949
-0.122070
-0.052002
0.095703
0.104004
-0.056396
-0.129883
-0.024414
0.107910
0.087158
-0.068115
-0.124756
-0.012695
0.110840
0.073486
-0.074951
-0.111572
0.011475
0.123047
0.064453
-0.089355
-0.113037
0.022949
0.120117
0.052002
-0.098633
-0.104004
0.044678
0.129883
0.036133
-0.107910
-0.084229
0.068115
0.126709
0.012695
-0.108887
-0.073486
0.075928
0.111572
-0.010498
-0.122559
-0.064453
0.089355
0.113037
-0.022461
-0.120117
-0.051025
0.098633
0.104980
-0.044678
-0.128906
-0.036133
0.108887
0.084229
-0.066406
-0.126709
-0.009766
0.108887
0.085205
-0.075928
-0.123779
0.010498
0.119141
0.064453
-0.092285
-0.113037
0.020508
0.120117
0.048096
-0.098633
-0.106934
0.044678
0.126953
0.036133
-0.113037
-0.084229
0.058350
0.126709
0.017578
-0.108887
-0.081299
0.075928
0.125244
-0.010498
-0.120117
-0.064453
0.092285
0.113037
-0.021484
-0.120117
-0.050049
0.098633
0.105957
-0.044678
-0.129883
-0.036133
0.105225
0.084229
-0.050537
-0.126709
-0.014648
0.108887
0.083252
-0.075928
-0.123291
0.010254
0.120117
0.063965
-0.091309
-0.114014
0.021484
0.120117
0.050049
-0.099121
-0.104980
0.044189
0.129883
0.035645
-0.105225
-0.086182
0.050537
0.124756
0.014648
-0.111816
-0.083252
0.064209
0.123291
0.001465
-0.119629
-0.061035
0.091553
0.115967
-0.021484
-0.118164
-0.050049
0.101074
0.104980
-0.042969
-0.129883
-0.035156
0.106201
0.087158
-0.049561
-0.124268
-0.013672
0.112793
0.084229
-0.063721
-0.121826
-0.000488
0.122559
0.062500
-0.083740
-0.114014
0.013672
0.122070
0.047119
-0.089355
-0.106445
0.031250
0.127930
0.031250
-0.106201
-0.089111
0.048584
0.122314
0.013672
-0.113770
-0.084229
0.062744
0.121826
0.000488
-0.122559
-0.062500
0.083740
0.114014
-0.013672
-0.122070
-0.049072
0.089355
0.106445
-0.031250
-0.127930
-0.031250
0.106201
0.089111
-0.048584
-0.122314
-0.013672
0.113770
0.084229
-0.062744
-0.121826
-0.000488
0.122559
0.062500
-0.083740
-0.114014
0.013672
0.122070
0.049072
-0.089355
-0.106445
0.031250
0.127930
0.031250
-0.106201
-0.089111
0.048584